key
0:   2 5 6 1 4 0                                 
1:   17 14
2:   21 24 25
3:   36 38 30 32
4:   49 48 47 45 43
5:   51
6:
7:   78 77 
8:   80 84
9:   97 91 96

key=0
0:   0 1 2 4 5 6
1:   17 14
2:   21 24 25
3:   36 38 30 32
4:   49 48 47 45 43
5:   51
6:
7:   78 77 
8:   80 84
9:   97 91 96

key=1
0:   0 1 2 4 5 6
1:   14 17
2:   21 24 25
3:   36 38 30 32
4:   49 48 47 45 43
5:   51
6:
7:   78 77 
8:   80 84
9:   97 91 96

key=2
0:   0 1 2 4 5 6
1:   14 17
2:   21 24 25
3:   36 38 30 32
4:   49 48 47 45 43
5:   51
6:
7:   78 77 
8:   80 84
9:   97 91 96

key=3
0:   0 1 2 4 5 6
1:   14 17
2:   21 24 25
3:   30 32 36 38
4:   49 48 47 45 43
5:   51
6:
7:   78 77 
8:   80 84
9:   97 91 96

key=4
0:   0 1 2 4 5 6
1:   14 17
2:   21 24 25
3:   30 32 36 38
4:   43 45 47 48 49
5:   51
6:
7:   78 77 
8:   80 84
9:   97 91 96

key=5
0:   0 1 2 4 5 6
1:   14 17
2:   21 24 25
3:   30 32 36 38
4:   43 45 47 48 49
5:   51
6:
7:   78 77 
8:   80 84
9:   97 91 96

key=6
0:   0 1 2 4 5 6
1:   14 17
2:   21 24 25
3:   30 32 36 38
4:   43 45 47 48 49
5:   51
6:
7:   78 77 
8:   80 84
9:   97 91 96

key=7
0:   0 1 2 4 5 6
1:   14 17
2:   21 24 25
3:   30 32 36 38
4:   43 45 47 48 49
5:   51
6:
7:   77 78 
8:   80 84
9:   97 91 96

key=8
0:   0 1 2 4 5 6
1:   14 17
2:   21 24 25
3:   30 32 36 38
4:   43 45 47 48 49
5:   51
6:
7:   77 78
8:   80 84
9:   97 91 96

key=9
0:   0 1 2 4 5 6
1:   14 17
2:   21 24 25
3:   30 32 36 38
4:   43 45 47 48 49
5:   51
6:
7:   77 78
8:   80 84
9:   91 96 97